Apple 11111 0.690000 109
Apricot 11112 1.090000 110
Banana 11113 1.290000 139
Beets 11114 0.790000 190
Cantaloupe 11115 2.390000 105
Carrots 11116 0.990000 118
Corn 11117 1.290000 103
Cucumber 11118 1.390000 120
DragonFruit 11119 3.590000 109
Grapes 11120 2.690000 109
Guava 11121 2.790000 105
HoneydewMelon 11122 2.490000 104
Kale 11123 3.390000 109
Kiwifruit 11124 0.790000 109
Prunes 11125 1.390000 109
Radishes 11126 0.590000 125
Spinich 11127 1.290000 107
Strawberries 11128 2.490000 109
Tangerines 11129 1.290000 148
Tomato 11130 0.990000 110
Zuccini 11131 1.390000 105